Searching covid_dna dataset
29845 characters
Generating patterns...
Generated 29832 patterns
T pattern start
C pattern end
N2: 
2
0
852
0
0
279
0
0
0
0
0
0
337
0
0
0
0
1
1771
0
0
0
0
0
0
313
0
0
0
0
0
0
0
3125
0
12
0
0
0
0
5
0
0
493
0
0
1
0
0
0
0
1
320
0
0
0
0
0
0
0
5
0
0
155
0
0
43
9
0
0
0
58
0
0
0
0
1
0
15
88
17
0
63
0
101
0
0
0
0
0
0
587
1
0
61
0
0
569
0
0
2737
3
0
0
0
0
0
5
18
0
92
506
2
0
0
0
86
0
5
0
2
0
0
0
3
314
0
0
0
2620
0
0
0
171
0
0
0
0
0
0
0
0
0
3
4
2801
1
1
1866
104
0
0
0
0
0
4
0
0
0
0
0
0
0
0
17
0
6
0
0
0
0
0
29
0
203
87
0
0
0
0
0
109
0
0
2
0
0
0
0
0
0
0
0
861
0
0
0
13
0
0
0
0
0
0
0
1
73
0
182
0
5
0
0
0
0
0
0
1
0
0
4
0
0
1780
0
148
0
303
0
0
0
0
1154
12
1
0
1775
0
12
0
1
0
287
0
1
83
0
0
0
37
0
0
0
0
175
0
0
23
0
0
0
0
0
2
0
2893
0
0
18
0
104
0
0
4
0
0
75
0
0
0
0
0
0
0
0
0
0
68
0
1856
522
0
0
0
168
324
0
0
0
0
0
13
0
0
2908
54
0
1885
0
0
0
0
0
0
0
0
0
0
0
0
0
0
1
0
25
0
0
0
0
0
1
0
0
0
0
0
4
0
0
0
0
0
0
0
0
908
1
127
0
616
0
2834
0
0
47
0
0
53
^C
âœ  Boyer-moore 