Searching covid_dna dataset
29845 characters
Generating patterns...
Generated 29832 patterns
T pattern start
C pattern end
RabinKarp: 
0
0
0
0
0
0
0
0
0
0
0
0
0
0
0
0
0
0
1819
0
0
0
0
0
0
0
0
0
0
0
0
0
0
3113
0
0
0
0
0
0
0
0
0
0
0
0
0
0
0
0
0
0
0
0
0
0
0
0
0
0
0
0
0
0
0
0
0
0
0
0
0
0
0
0
0
0
0
0
0
0
0
0
0
0
0
0
0
0
0
0
0
0
0
0
0
0
0
0
0
0
2597
0
0
0
0
0
0
0
0
0
0
0
0
0
0
0
0
0
0
0
0
0
0
0
0
0
0
0
0
2719
0
0
0
0
0
0
0
0
0
0
0
0
0
0
0
2883
0
0
1881
0
0
0
0
0
0
0
0
0
0
0
0
0
0
0
0
0
0
0
0
0
0
0
0
0
0
0
0
0
0
0
0
0
0
0
0
0
0
0
0
0
0
0
0
0
0
0
0
0
0
0
0
0
0
0
0
0
0
0
0
0
0
0
0
0
0
0
1
0
0
0
0
0
0
1747
0
0
0
0
0
0
0
0
1137
0
0
0
1737
0
0
0
0
0
0
0
0
0
0
0
0
0
0
0
0
0
0
0
0
0
0
0
0
0
0
0
0
2843
0
0
0
0
0
0
0
0
0
0
0
0
0
0
0
0
0
0
0
0
0
0
0
1834
0
0
0
0
0
0
0
0
0
0
0
0
0
0
2865
0
0
1887
0
0
0
0
0
0
0
0
0
0
0
0
0
0
0
0
0
0
0
0
0
0
0
0
0
0
0
0
0
0
0
0
0
0
0
0
0
0
0
0
0
0
0
2847
0
0
0
0
0
0
1084
2800
0
2881
0
0
0
0
0
0
0
0
0
0
0
0
0
0
0
0
0
0
0
0