Searching covid_dna dataset
29845 characters
Generating patterns...
Generated 29832 patterns
T pattern start
C pattern end
Native: 
4
0
830
0
0
288
0
0
0
0
0
0
344
0
0
0
0
1
1777
0
0
0
0
0
0
280
0
0
0
0
0
0
0
3098
0
5
0
0
0
0
6
0
0
529
0
0
2
0
0
0
0
0
338
0
0
0
0
0
0
0
9
0
0
167
0
0
32
7
0
0
0
44
0
0
0
0
5
0
13
86
12
0
64
0
98
0
0
0
0
0
0
555
0
0
56
0
0
567
0
0
2648
2
0
0
0
0
0
2
21
0
98
513
0
0
0
0
86
0
1
0
0
0
0
1
0
344
0
0
0
2633
0
0
1
159
0
0
0
0
0
0
0
0
0
6
2
2894
2
4
1882
112
0
0
0
0
0
2
0
0
0
0
0
0
0
0
15
0
2
0
0
0
0
0
27
0
193
95
0
0
0
0
0
119
0
0
2
0
0
0
0
0
0
0
0
849
0
0
0
16
0
0
0
0
0
0
0
0
62
0
172
0
5
0
0
0
0
1
0
1
0
0
5
0
0
1743
0
123
0
304
0
0
0
2
1165
17
1
0
1758
1
15
0
0
0
290
0
3
93
0
0
0
38
0
0
0
0
165
0
0
13
0
0
0
0
0
2
0
2852
0
0
10
0
100
0
0
3
0
0
87
0
0
0
0
0
0
0
0
0
0
58
0
1870
524
0
0
0
195
337
0
0
0
0
0
9
0
0
2845
47
0
1905
0
0
0
0
0
0
0
0
0
0
0
0
0
0
0
0
31
0
0
0
0
0
0
0
0
0
0
0
3
0
0
0
0
0
0
0
0
943
0
115
0
631
0
2885
0
0
37
0
4
50
1091
2853
0
2902
0
0
0
0
0
0
0
3
91
0
0
0
0
0
0
0
0
0
0
2
0
0
0
283
0
72
0
0
570
12
52
83
0
0
1
0
95
0
0
565
348
0
0
0
13
1765
2
0
101
1681
0
0
3080
0
0
0
0
0
0
7
0
0
0
0
0
111
0
0
1
0
184
2890
0
0
0
0
0
0
0
0
0
0
0
0
0
0
1737
4
0
0
0
0
1895
314
0
0
0
0
2637
0
4
227
0
0
0
0
1
0
0
0
0
0
0
0
0
0
1
0
0
9
0
3082
0
0
0
0
269
0
0
0
0
0
0
0
0
0
0
1
0
4
0
0
0
0
0
0
1
0
0
0
0
0
0
0
942
182
0
0
68
3
71
0
0
0
0
0
2
0
563
0
0
0
0
9
0
0
0
0
0
0
0
0
2
0
0
0
782
0
0
0
1610
327
2
0
0
0
0
0
0
9
7
0
0
402
0
315
0
0
0
2885
0
0
0
7
47
79
0
1
1627
550
3
0
0
2724
0
0
0
0
0
0
0
121
0
0
0
0
0
4
0
0
0
0
0
0
2834
0
80
1881
10
0
0
0
0
0
0
1781
0
0
0
0
0
0
2676
0
0
0
262
0
1
0
0
0
3
150
540
957
49
0
2554
0
0
0
0
0
0
0
0
7
0
0
25
0
0
5
0
0
0
0
0
0
0
0
0
0
0
0
0
0
0
329
0
0
0
1847
0
0
35
0
0
138
0
2
0
0
112
0
4
0
0
0
0
4
0
929
0
3
0
498
0
2670
2
0
0
0
0
2675
0
0
0
0
0
0
0
0
0
124
150
0
0
^C
âœ  Boyer-moore 